24795
42553
23187
49508
27894
27998
40986
35705
36829
48171
21108
20645
31067
31038
29593
22442
31631
44822
31547
34874
18721
49235
26308
19604
34456
38194
28041
17549
21062
31568
25108
25237
49302
33558
35180
24641
34092
17934
48626
44498
32632
46977
34698
29811
45884
36902
44719
21036
28833
45061
20254
42065
26530
21431
45169
17778
36951
45509
26837
18791
22853
33773
35229
48664
45579
35141
49269
29401
35616
32492
44616
24639
20329
29396
41173
32877
23749
48906
37631
39974
22766
40498
18043
25030
43858
34080
19084
22197
47641
40803
42080
21448
27175
23953
16829
33753
20135
36529
42403
36684
